2008	7	4	2008	9	14	0	0	0	0.1	0.05	0	l0a	0	100	h
2008	7	11	2008	9	21	0	0	0	0.1	0.05	0	l0a	0	100	h
2008	7	18	2008	9	28	0	0	0	0.1	0.05	0	l0a	0	100	h
2008	7	25	2008	10	5	0	0	0	0.1	0.05	0	l0a	0	100	h
2008	8	1	2008	10	12	0	0	0	0.1	0.05	0	l0a	0	100	h
2008	8	8	2008	10	19	0	0	0	0.1	0.05	0	l0a	0	100	h
2008	8	15	2008	10	26	0	0	0	0.1	0.05	0	l0a	0	100	h
2008	8	22	2008	11	2	0	0	0	0.1	0.05	0	l0a	0	100	h
2008	8	29	2008	11	9	0	0	0	0.1	0.05	0	l0a	0	100	h
2009	7	1	2009	9	11	0	0	0	0.1	0.05	0	l0a	0	100	h
2009	7	8	2009	9	18	0	0	0	0.1	0.05	0	l0a	0	100	h
2009	7	15	2009	9	25	0	0	0	0.1	0.05	0	l0a	0	100	h
2009	7	22	2009	10	2	0	0	0	0.1	0.05	0	l0a	0	100	h
2009	7	29	2009	10	9	0	0	0	0.1	0.05	0	l0a	0	100	h
2009	8	5	2009	10	16	0	0	0	0.1	0.05	0	l0a	0	100	h
2009	8	12	2009	10	23	0	0	0	0.1	0.05	0	l0a	0	100	h
2009	8	19	2009	10	30	0	0	0	0.1	0.05	0	l0a	0	100	h
2009	8	26	2009	11	6	0	0	0	0.1	0.05	0	l0a	0	100	h
2010	7	2	2010	9	12	0	0	0	0.1	0.05	0	l0a	0	100	h
2010	7	9	2010	9	19	0	0	0	0.1	0.05	0	l0a	0	100	h
2010	7	16	2010	9	26	0	0	0	0.1	0.05	0	l0a	0	100	h
2010	7	23	2010	10	3	0	0	0	0.1	0.05	0	l0a	0	100	h
2010	7	30	2010	10	10	0	0	0	0.1	0.05	0	l0a	0	100	h
2010	8	6	2010	10	17	0	0	0	0.1	0.05	0	l0a	0	100	h
2010	8	13	2010	10	24	0	0	0	0.1	0.05	0	l0a	0	100	h
2010	8	20	2010	10	31	0	0	0	0.1	0.05	0	l0a	0	100	h
2010	8	27	2010	11	7	0	0	0	0.1	0.05	0	l0a	0	100	h
2011	7	6	2011	9	16	0	0	0	0.1	0.05	0	l0a	0	100	h
2011	7	13	2011	9	23	0	0	0	0.1	0.05	0	l0a	0	100	h
2011	7	20	2011	9	30	0	0	0	0.1	0.05	0	l0a	0	100	h
2011	7	27	2011	10	7	0	0	0	0.1	0.05	0	l0a	0	100	h
2011	8	3	2011	10	14	0	0	0	0.1	0.05	0	l0a	0	100	h
2011	8	10	2011	10	21	0	0	0	0.1	0.05	0	l0a	0	100	h
2011	8	17	2011	10	28	0	0	0	0.1	0.05	0	l0a	0	100	h
2011	8	24	2011	11	4	0	0	0	0.1	0.05	0	l0a	0	100	h
2011	8	31	2011	11	11	0	0	0	0.1	0.05	0	l0a	0	100	h
2008	7	4	2008	9	14	0	0	0	0.1	0.05	0	l0b	0	100	h
2008	7	11	2008	9	21	0	0	0	0.1	0.05	0	l0b	0	100	h
2008	7	18	2008	9	28	0	0	0	0.1	0.05	0	l0b	0	100	h
2008	7	25	2008	10	5	0	0	0	0.1	0.05	0	l0b	0	100	h
2008	8	1	2008	10	12	0	0	0	0.1	0.05	0	l0b	0	100	h
2008	8	8	2008	10	19	0	0	0	0.1	0.05	0	l0b	0	100	h
2008	8	15	2008	10	26	0	0	0	0.1	0.05	0	l0b	0	100	h
2008	8	22	2008	11	2	0	0	0	0.1	0.05	0	l0b	0	100	h
2008	8	29	2008	11	9	0	0	0	0.1	0.05	0	l0b	0	100	h
2009	7	1	2009	9	11	0	0	0	0.1	0.05	0	l0b	0	100	h
2009	7	8	2009	9	18	0	0	0	0.1	0.05	0	l0b	0	100	h
2009	7	15	2009	9	25	0	0	0	0.1	0.05	0	l0b	0	100	h
2009	7	22	2009	10	2	0	0	0	0.1	0.05	0	l0b	0	100	h
2009	7	29	2009	10	9	0	0	0	0.1	0.05	0	l0b	0	100	h
2009	8	5	2009	10	16	0	0	0	0.1	0.05	0	l0b	0	100	h
2009	8	12	2009	10	23	0	0	0	0.1	0.05	0	l0b	0	100	h
2009	8	19	2009	10	30	0	0	0	0.1	0.05	0	l0b	0	100	h
2009	8	26	2009	11	6	0	0	0	0.1	0.05	0	l0b	0	100	h
2010	7	2	2010	9	12	0	0	0	0.1	0.05	0	l0b	0	100	h
2010	7	9	2010	9	19	0	0	0	0.1	0.05	0	l0b	0	100	h
2010	7	16	2010	9	26	0	0	0	0.1	0.05	0	l0b	0	100	h
2010	7	23	2010	10	3	0	0	0	0.1	0.05	0	l0b	0	100	h
2010	7	30	2010	10	10	0	0	0	0.1	0.05	0	l0b	0	100	h
2010	8	6	2010	10	17	0	0	0	0.1	0.05	0	l0b	0	100	h
2010	8	13	2010	10	24	0	0	0	0.1	0.05	0	l0b	0	100	h
2010	8	20	2010	10	31	0	0	0	0.1	0.05	0	l0b	0	100	h
2010	8	27	2010	11	7	0	0	0	0.1	0.05	0	l0b	0	100	h
2011	7	6	2011	9	16	0	0	0	0.1	0.05	0	l0b	0	100	h
2011	7	13	2011	9	23	0	0	0	0.1	0.05	0	l0b	0	100	h
2011	7	20	2011	9	30	0	0	0	0.1	0.05	0	l0b	0	100	h
2011	7	27	2011	10	7	0	0	0	0.1	0.05	0	l0b	0	100	h
2011	8	3	2011	10	14	0	0	0	0.1	0.05	0	l0b	0	100	h
2011	8	10	2011	10	21	0	0	0	0.1	0.05	0	l0b	0	100	h
2011	8	17	2011	10	28	0	0	0	0.1	0.05	0	l0b	0	100	h
2011	8	24	2011	11	4	0	0	0	0.1	0.05	0	l0b	0	100	h
2011	8	31	2011	11	11	0	0	0	0.1	0.05	0	l0b	0	100	h
2008	7	4	2008	9	14	0	0	0	0.1	0.05	0	l1a	0	100	h
2008	7	11	2008	9	21	0	0	0	0.1	0.05	0	l1a	0	100	h
2008	7	18	2008	9	28	0	0	0	0.1	0.05	0	l1a	0	100	h
2008	7	25	2008	10	5	0	0	0	0.1	0.05	0	l1a	0	100	h
2008	8	1	2008	10	12	0	0	0	0.1	0.05	0	l1a	0	100	h
2008	8	8	2008	10	19	0	0	0	0.1	0.05	0	l1a	0	100	h
2008	8	15	2008	10	26	0	0	0	0.1	0.05	0	l1a	0	100	h
2008	8	22	2008	11	2	0	0	0	0.1	0.05	0	l1a	0	100	h
2008	8	29	2008	11	9	0	0	0	0.1	0.05	0	l1a	0	100	h
2009	7	1	2009	9	11	0	0	0	0.1	0.05	0	l1a	0	100	h
2009	7	8	2009	9	18	0	0	0	0.1	0.05	0	l1a	0	100	h
2009	7	15	2009	9	25	0	0	0	0.1	0.05	0	l1a	0	100	h
2009	7	22	2009	10	2	0	0	0	0.1	0.05	0	l1a	0	100	h
2009	7	29	2009	10	9	0	0	0	0.1	0.05	0	l1a	0	100	h
2009	8	5	2009	10	16	0	0	0	0.1	0.05	0	l1a	0	100	h
2009	8	12	2009	10	23	0	0	0	0.1	0.05	0	l1a	0	100	h
2009	8	19	2009	10	30	0	0	0	0.1	0.05	0	l1a	0	100	h
2009	8	26	2009	11	6	0	0	0	0.1	0.05	0	l1a	0	100	h
2010	7	2	2010	9	12	0	0	0	0.1	0.05	0	l1a	0	100	h
2010	7	9	2010	9	19	0	0	0	0.1	0.05	0	l1a	0	100	h
2010	7	16	2010	9	26	0	0	0	0.1	0.05	0	l1a	0	100	h
2010	7	23	2010	10	3	0	0	0	0.1	0.05	0	l1a	0	100	h
2010	7	30	2010	10	10	0	0	0	0.1	0.05	0	l1a	0	100	h
2010	8	6	2010	10	17	0	0	0	0.1	0.05	0	l1a	0	100	h
2010	8	13	2010	10	24	0	0	0	0.1	0.05	0	l1a	0	100	h
2010	8	20	2010	10	31	0	0	0	0.1	0.05	0	l1a	0	100	h
2010	8	27	2010	11	7	0	0	0	0.1	0.05	0	l1a	0	100	h
2011	7	6	2011	9	16	0	0	0	0.1	0.05	0	l1a	0	100	h
2011	7	13	2011	9	23	0	0	0	0.1	0.05	0	l1a	0	100	h
2011	7	20	2011	9	30	0	0	0	0.1	0.05	0	l1a	0	100	h
2011	7	27	2011	10	7	0	0	0	0.1	0.05	0	l1a	0	100	h
2011	8	3	2011	10	14	0	0	0	0.1	0.05	0	l1a	0	100	h
2011	8	10	2011	10	21	0	0	0	0.1	0.05	0	l1a	0	100	h
2011	8	17	2011	10	28	0	0	0	0.1	0.05	0	l1a	0	100	h
2011	8	24	2011	11	4	0	0	0	0.1	0.05	0	l1a	0	100	h
2011	8	31	2011	11	11	0	0	0	0.1	0.05	0	l1a	0	100	h
2008	7	4	2008	9	14	0	0	0	0.1	0.05	0	l1b	0	100	h
2008	7	11	2008	9	21	0	0	0	0.1	0.05	0	l1b	0	100	h
2008	7	18	2008	9	28	0	0	0	0.1	0.05	0	l1b	0	100	h
2008	7	25	2008	10	5	0	0	0	0.1	0.05	0	l1b	0	100	h
2008	8	1	2008	10	12	0	0	0	0.1	0.05	0	l1b	0	100	h
2008	8	8	2008	10	19	0	0	0	0.1	0.05	0	l1b	0	100	h
2008	8	15	2008	10	26	0	0	0	0.1	0.05	0	l1b	0	100	h
2008	8	22	2008	11	2	0	0	0	0.1	0.05	0	l1b	0	100	h
2008	8	29	2008	11	9	0	0	0	0.1	0.05	0	l1b	0	100	h
2009	7	1	2009	9	11	0	0	0	0.1	0.05	0	l1b	0	100	h
2009	7	8	2009	9	18	0	0	0	0.1	0.05	0	l1b	0	100	h
2009	7	15	2009	9	25	0	0	0	0.1	0.05	0	l1b	0	100	h
2009	7	22	2009	10	2	0	0	0	0.1	0.05	0	l1b	0	100	h
2009	7	29	2009	10	9	0	0	0	0.1	0.05	0	l1b	0	100	h
2009	8	5	2009	10	16	0	0	0	0.1	0.05	0	l1b	0	100	h
2009	8	12	2009	10	23	0	0	0	0.1	0.05	0	l1b	0	100	h
2009	8	19	2009	10	30	0	0	0	0.1	0.05	0	l1b	0	100	h
2009	8	26	2009	11	6	0	0	0	0.1	0.05	0	l1b	0	100	h
2010	7	2	2010	9	12	0	0	0	0.1	0.05	0	l1b	0	100	h
2010	7	9	2010	9	19	0	0	0	0.1	0.05	0	l1b	0	100	h
2010	7	16	2010	9	26	0	0	0	0.1	0.05	0	l1b	0	100	h
2010	7	23	2010	10	3	0	0	0	0.1	0.05	0	l1b	0	100	h
2010	7	30	2010	10	10	0	0	0	0.1	0.05	0	l1b	0	100	h
2010	8	6	2010	10	17	0	0	0	0.1	0.05	0	l1b	0	100	h
2010	8	13	2010	10	24	0	0	0	0.1	0.05	0	l1b	0	100	h
2010	8	20	2010	10	31	0	0	0	0.1	0.05	0	l1b	0	100	h
2010	8	27	2010	11	7	0	0	0	0.1	0.05	0	l1b	0	100	h
2011	7	6	2011	9	16	0	0	0	0.1	0.05	0	l1b	0	100	h
2011	7	13	2011	9	23	0	0	0	0.1	0.05	0	l1b	0	100	h
2011	7	20	2011	9	30	0	0	0	0.1	0.05	0	l1b	0	100	h
2011	7	27	2011	10	7	0	0	0	0.1	0.05	0	l1b	0	100	h
2011	8	3	2011	10	14	0	0	0	0.1	0.05	0	l1b	0	100	h
2011	8	10	2011	10	21	0	0	0	0.1	0.05	0	l1b	0	100	h
2011	8	17	2011	10	28	0	0	0	0.1	0.05	0	l1b	0	100	h
2011	8	24	2011	11	4	0	0	0	0.1	0.05	0	l1b	0	100	h
2011	8	31	2011	11	11	0	0	0	0.1	0.05	0	l1b	0	100	h
2008	7	4	2008	9	14	0	0	0	0.1	0.05	0	l2a	0	100	h
2008	7	11	2008	9	21	0	0	0	0.1	0.05	0	l2a	0	100	h
2008	7	18	2008	9	28	0	0	0	0.1	0.05	0	l2a	0	100	h
2008	7	25	2008	10	5	0	0	0	0.1	0.05	0	l2a	0	100	h
2008	8	1	2008	10	12	0	0	0	0.1	0.05	0	l2a	0	100	h
2008	8	8	2008	10	19	0	0	0	0.1	0.05	0	l2a	0	100	h
2008	8	15	2008	10	26	0	0	0	0.1	0.05	0	l2a	0	100	h
2008	8	22	2008	11	2	0	0	0	0.1	0.05	0	l2a	0	100	h
2008	8	29	2008	11	9	0	0	0	0.1	0.05	0	l2a	0	100	h
2009	7	1	2009	9	11	0	0	0	0.1	0.05	0	l2a	0	100	h
2009	7	8	2009	9	18	0	0	0	0.1	0.05	0	l2a	0	100	h
2009	7	15	2009	9	25	0	0	0	0.1	0.05	0	l2a	0	100	h
2009	7	22	2009	10	2	0	0	0	0.1	0.05	0	l2a	0	100	h
2009	7	29	2009	10	9	0	0	0	0.1	0.05	0	l2a	0	100	h
2009	8	5	2009	10	16	0	0	0	0.1	0.05	0	l2a	0	100	h
2009	8	12	2009	10	23	0	0	0	0.1	0.05	0	l2a	0	100	h
2009	8	19	2009	10	30	0	0	0	0.1	0.05	0	l2a	0	100	h
2009	8	26	2009	11	6	0	0	0	0.1	0.05	0	l2a	0	100	h
2010	7	2	2010	9	12	0	0	0	0.1	0.05	0	l2a	0	100	h
2010	7	9	2010	9	19	0	0	0	0.1	0.05	0	l2a	0	100	h
2010	7	16	2010	9	26	0	0	0	0.1	0.05	0	l2a	0	100	h
2010	7	23	2010	10	3	0	0	0	0.1	0.05	0	l2a	0	100	h
2010	7	30	2010	10	10	0	0	0	0.1	0.05	0	l2a	0	100	h
2010	8	6	2010	10	17	0	0	0	0.1	0.05	0	l2a	0	100	h
2010	8	13	2010	10	24	0	0	0	0.1	0.05	0	l2a	0	100	h
2010	8	20	2010	10	31	0	0	0	0.1	0.05	0	l2a	0	100	h
2010	8	27	2010	11	7	0	0	0	0.1	0.05	0	l2a	0	100	h
2011	7	6	2011	9	16	0	0	0	0.1	0.05	0	l2a	0	100	h
2011	7	13	2011	9	23	0	0	0	0.1	0.05	0	l2a	0	100	h
2011	7	20	2011	9	30	0	0	0	0.1	0.05	0	l2a	0	100	h
2011	7	27	2011	10	7	0	0	0	0.1	0.05	0	l2a	0	100	h
2011	8	3	2011	10	14	0	0	0	0.1	0.05	0	l2a	0	100	h
2011	8	10	2011	10	21	0	0	0	0.1	0.05	0	l2a	0	100	h
2011	8	17	2011	10	28	0	0	0	0.1	0.05	0	l2a	0	100	h
2011	8	24	2011	11	4	0	0	0	0.1	0.05	0	l2a	0	100	h
2011	8	31	2011	11	11	0	0	0	0.1	0.05	0	l2a	0	100	h
2008	7	4	2008	9	14	0	0	0	0.1	0.05	0	l2b	0	100	h
2008	7	11	2008	9	21	0	0	0	0.1	0.05	0	l2b	0	100	h
2008	7	18	2008	9	28	0	0	0	0.1	0.05	0	l2b	0	100	h
2008	7	25	2008	10	5	0	0	0	0.1	0.05	0	l2b	0	100	h
2008	8	1	2008	10	12	0	0	0	0.1	0.05	0	l2b	0	100	h
2008	8	8	2008	10	19	0	0	0	0.1	0.05	0	l2b	0	100	h
2008	8	15	2008	10	26	0	0	0	0.1	0.05	0	l2b	0	100	h
2008	8	22	2008	11	2	0	0	0	0.1	0.05	0	l2b	0	100	h
2008	8	29	2008	11	9	0	0	0	0.1	0.05	0	l2b	0	100	h
2009	7	1	2009	9	11	0	0	0	0.1	0.05	0	l2b	0	100	h
2009	7	8	2009	9	18	0	0	0	0.1	0.05	0	l2b	0	100	h
2009	7	15	2009	9	25	0	0	0	0.1	0.05	0	l2b	0	100	h
2009	7	22	2009	10	2	0	0	0	0.1	0.05	0	l2b	0	100	h
2009	7	29	2009	10	9	0	0	0	0.1	0.05	0	l2b	0	100	h
2009	8	5	2009	10	16	0	0	0	0.1	0.05	0	l2b	0	100	h
2009	8	12	2009	10	23	0	0	0	0.1	0.05	0	l2b	0	100	h
2009	8	19	2009	10	30	0	0	0	0.1	0.05	0	l2b	0	100	h
2009	8	26	2009	11	6	0	0	0	0.1	0.05	0	l2b	0	100	h
2010	7	2	2010	9	12	0	0	0	0.1	0.05	0	l2b	0	100	h
2010	7	9	2010	9	19	0	0	0	0.1	0.05	0	l2b	0	100	h
2010	7	16	2010	9	26	0	0	0	0.1	0.05	0	l2b	0	100	h
2010	7	23	2010	10	3	0	0	0	0.1	0.05	0	l2b	0	100	h
2010	7	30	2010	10	10	0	0	0	0.1	0.05	0	l2b	0	100	h
2010	8	6	2010	10	17	0	0	0	0.1	0.05	0	l2b	0	100	h
2010	8	13	2010	10	24	0	0	0	0.1	0.05	0	l2b	0	100	h
2010	8	20	2010	10	31	0	0	0	0.1	0.05	0	l2b	0	100	h
2010	8	27	2010	11	7	0	0	0	0.1	0.05	0	l2b	0	100	h
2011	7	6	2011	9	16	0	0	0	0.1	0.05	0	l2b	0	100	h
2011	7	13	2011	9	23	0	0	0	0.1	0.05	0	l2b	0	100	h
2011	7	20	2011	9	30	0	0	0	0.1	0.05	0	l2b	0	100	h
2011	7	27	2011	10	7	0	0	0	0.1	0.05	0	l2b	0	100	h
2011	8	3	2011	10	14	0	0	0	0.1	0.05	0	l2b	0	100	h
2011	8	10	2011	10	21	0	0	0	0.1	0.05	0	l2b	0	100	h
2011	8	17	2011	10	28	0	0	0	0.1	0.05	0	l2b	0	100	h
2011	8	24	2011	11	4	0	0	0	0.1	0.05	0	l2b	0	100	h
2011	8	31	2011	11	11	0	0	0	0.1	0.05	0	l2b	0	100	h
2008	7	4	2008	9	14	0	0	0	0.1	0.05	0	l3a	0	100	h
2008	7	11	2008	9	21	0	0	0	0.1	0.05	0	l3a	0	100	h
2008	7	18	2008	9	28	0	0	0	0.1	0.05	0	l3a	0	100	h
2008	7	25	2008	10	5	0	0	0	0.1	0.05	0	l3a	0	100	h
2008	8	1	2008	10	12	0	0	0	0.1	0.05	0	l3a	0	100	h
2008	8	8	2008	10	19	0	0	0	0.1	0.05	0	l3a	0	100	h
2008	8	15	2008	10	26	0	0	0	0.1	0.05	0	l3a	0	100	h
2008	8	22	2008	11	2	0	0	0	0.1	0.05	0	l3a	0	100	h
2008	8	29	2008	11	9	0	0	0	0.1	0.05	0	l3a	0	100	h
2009	7	1	2009	9	11	0	0	0	0.1	0.05	0	l3a	0	100	h
2009	7	8	2009	9	18	0	0	0	0.1	0.05	0	l3a	0	100	h
2009	7	15	2009	9	25	0	0	0	0.1	0.05	0	l3a	0	100	h
2009	7	22	2009	10	2	0	0	0	0.1	0.05	0	l3a	0	100	h
2009	7	29	2009	10	9	0	0	0	0.1	0.05	0	l3a	0	100	h
2009	8	5	2009	10	16	0	0	0	0.1	0.05	0	l3a	0	100	h
2009	8	12	2009	10	23	0	0	0	0.1	0.05	0	l3a	0	100	h
2009	8	19	2009	10	30	0	0	0	0.1	0.05	0	l3a	0	100	h
2009	8	26	2009	11	6	0	0	0	0.1	0.05	0	l3a	0	100	h
2010	7	2	2010	9	12	0	0	0	0.1	0.05	0	l3a	0	100	h
2010	7	9	2010	9	19	0	0	0	0.1	0.05	0	l3a	0	100	h
2010	7	16	2010	9	26	0	0	0	0.1	0.05	0	l3a	0	100	h
2010	7	23	2010	10	3	0	0	0	0.1	0.05	0	l3a	0	100	h
2010	7	30	2010	10	10	0	0	0	0.1	0.05	0	l3a	0	100	h
2010	8	6	2010	10	17	0	0	0	0.1	0.05	0	l3a	0	100	h
2010	8	13	2010	10	24	0	0	0	0.1	0.05	0	l3a	0	100	h
2010	8	20	2010	10	31	0	0	0	0.1	0.05	0	l3a	0	100	h
2010	8	27	2010	11	7	0	0	0	0.1	0.05	0	l3a	0	100	h
2011	7	6	2011	9	16	0	0	0	0.1	0.05	0	l3a	0	100	h
2011	7	13	2011	9	23	0	0	0	0.1	0.05	0	l3a	0	100	h
2011	7	20	2011	9	30	0	0	0	0.1	0.05	0	l3a	0	100	h
2011	7	27	2011	10	7	0	0	0	0.1	0.05	0	l3a	0	100	h
2011	8	3	2011	10	14	0	0	0	0.1	0.05	0	l3a	0	100	h
2011	8	10	2011	10	21	0	0	0	0.1	0.05	0	l3a	0	100	h
2011	8	17	2011	10	28	0	0	0	0.1	0.05	0	l3a	0	100	h
2011	8	24	2011	11	4	0	0	0	0.1	0.05	0	l3a	0	100	h
2011	8	31	2011	11	11	0	0	0	0.1	0.05	0	l3a	0	100	h
2008	7	4	2008	9	14	0	0	0	0.1	0.05	0	l3b	0	100	h
2008	7	11	2008	9	21	0	0	0	0.1	0.05	0	l3b	0	100	h
2008	7	18	2008	9	28	0	0	0	0.1	0.05	0	l3b	0	100	h
2008	7	25	2008	10	5	0	0	0	0.1	0.05	0	l3b	0	100	h
2008	8	1	2008	10	12	0	0	0	0.1	0.05	0	l3b	0	100	h
2008	8	8	2008	10	19	0	0	0	0.1	0.05	0	l3b	0	100	h
2008	8	15	2008	10	26	0	0	0	0.1	0.05	0	l3b	0	100	h
2008	8	22	2008	11	2	0	0	0	0.1	0.05	0	l3b	0	100	h
2008	8	29	2008	11	9	0	0	0	0.1	0.05	0	l3b	0	100	h
2009	7	1	2009	9	11	0	0	0	0.1	0.05	0	l3b	0	100	h
2009	7	8	2009	9	18	0	0	0	0.1	0.05	0	l3b	0	100	h
2009	7	15	2009	9	25	0	0	0	0.1	0.05	0	l3b	0	100	h
2009	7	22	2009	10	2	0	0	0	0.1	0.05	0	l3b	0	100	h
2009	7	29	2009	10	9	0	0	0	0.1	0.05	0	l3b	0	100	h
2009	8	5	2009	10	16	0	0	0	0.1	0.05	0	l3b	0	100	h
2009	8	12	2009	10	23	0	0	0	0.1	0.05	0	l3b	0	100	h
2009	8	19	2009	10	30	0	0	0	0.1	0.05	0	l3b	0	100	h
2009	8	26	2009	11	6	0	0	0	0.1	0.05	0	l3b	0	100	h
2010	7	2	2010	9	12	0	0	0	0.1	0.05	0	l3b	0	100	h
2010	7	9	2010	9	19	0	0	0	0.1	0.05	0	l3b	0	100	h
2010	7	16	2010	9	26	0	0	0	0.1	0.05	0	l3b	0	100	h
2010	7	23	2010	10	3	0	0	0	0.1	0.05	0	l3b	0	100	h
2010	7	30	2010	10	10	0	0	0	0.1	0.05	0	l3b	0	100	h
2010	8	6	2010	10	17	0	0	0	0.1	0.05	0	l3b	0	100	h
2010	8	13	2010	10	24	0	0	0	0.1	0.05	0	l3b	0	100	h
2010	8	20	2010	10	31	0	0	0	0.1	0.05	0	l3b	0	100	h
2010	8	27	2010	11	7	0	0	0	0.1	0.05	0	l3b	0	100	h
2011	7	6	2011	9	16	0	0	0	0.1	0.05	0	l3b	0	100	h
2011	7	13	2011	9	23	0	0	0	0.1	0.05	0	l3b	0	100	h
2011	7	20	2011	9	30	0	0	0	0.1	0.05	0	l3b	0	100	h
2011	7	27	2011	10	7	0	0	0	0.1	0.05	0	l3b	0	100	h
2011	8	3	2011	10	14	0	0	0	0.1	0.05	0	l3b	0	100	h
2011	8	10	2011	10	21	0	0	0	0.1	0.05	0	l3b	0	100	h
2011	8	17	2011	10	28	0	0	0	0.1	0.05	0	l3b	0	100	h
2011	8	24	2011	11	4	0	0	0	0.1	0.05	0	l3b	0	100	h
2011	8	31	2011	11	11	0	0	0	0.1	0.05	0	l3b	0	100	h
2008	7	4	2008	9	14	0	0	0	0.1	0.05	0	l4a	0	100	h
2008	7	11	2008	9	21	0	0	0	0.1	0.05	0	l4a	0	100	h
2008	7	18	2008	9	28	0	0	0	0.1	0.05	0	l4a	0	100	h
2008	7	25	2008	10	5	0	0	0	0.1	0.05	0	l4a	0	100	h
2008	8	1	2008	10	12	0	0	0	0.1	0.05	0	l4a	0	100	h
2008	8	8	2008	10	19	0	0	0	0.1	0.05	0	l4a	0	100	h
2008	8	15	2008	10	26	0	0	0	0.1	0.05	0	l4a	0	100	h
2008	8	22	2008	11	2	0	0	0	0.1	0.05	0	l4a	0	100	h
2008	8	29	2008	11	9	0	0	0	0.1	0.05	0	l4a	0	100	h
2009	7	1	2009	9	11	0	0	0	0.1	0.05	0	l4a	0	100	h
2009	7	8	2009	9	18	0	0	0	0.1	0.05	0	l4a	0	100	h
2009	7	15	2009	9	25	0	0	0	0.1	0.05	0	l4a	0	100	h
2009	7	22	2009	10	2	0	0	0	0.1	0.05	0	l4a	0	100	h
2009	7	29	2009	10	9	0	0	0	0.1	0.05	0	l4a	0	100	h
2009	8	5	2009	10	16	0	0	0	0.1	0.05	0	l4a	0	100	h
2009	8	12	2009	10	23	0	0	0	0.1	0.05	0	l4a	0	100	h
2009	8	19	2009	10	30	0	0	0	0.1	0.05	0	l4a	0	100	h
2009	8	26	2009	11	6	0	0	0	0.1	0.05	0	l4a	0	100	h
2010	7	2	2010	9	12	0	0	0	0.1	0.05	0	l4a	0	100	h
2010	7	9	2010	9	19	0	0	0	0.1	0.05	0	l4a	0	100	h
2010	7	16	2010	9	26	0	0	0	0.1	0.05	0	l4a	0	100	h
2010	7	23	2010	10	3	0	0	0	0.1	0.05	0	l4a	0	100	h
2010	7	30	2010	10	10	0	0	0	0.1	0.05	0	l4a	0	100	h
2010	8	6	2010	10	17	0	0	0	0.1	0.05	0	l4a	0	100	h
2010	8	13	2010	10	24	0	0	0	0.1	0.05	0	l4a	0	100	h
2010	8	20	2010	10	31	0	0	0	0.1	0.05	0	l4a	0	100	h
2010	8	27	2010	11	7	0	0	0	0.1	0.05	0	l4a	0	100	h
2011	7	6	2011	9	16	0	0	0	0.1	0.05	0	l4a	0	100	h
2011	7	13	2011	9	23	0	0	0	0.1	0.05	0	l4a	0	100	h
2011	7	20	2011	9	30	0	0	0	0.1	0.05	0	l4a	0	100	h
2011	7	27	2011	10	7	0	0	0	0.1	0.05	0	l4a	0	100	h
2011	8	3	2011	10	14	0	0	0	0.1	0.05	0	l4a	0	100	h
2011	8	10	2011	10	21	0	0	0	0.1	0.05	0	l4a	0	100	h
2011	8	17	2011	10	28	0	0	0	0.1	0.05	0	l4a	0	100	h
2011	8	24	2011	11	4	0	0	0	0.1	0.05	0	l4a	0	100	h
2011	8	31	2011	11	11	0	0	0	0.1	0.05	0	l4a	0	100	h
2008	7	4	2008	9	14	0	0	0	0.1	0.05	0	l4b	0	100	h
2008	7	11	2008	9	21	0	0	0	0.1	0.05	0	l4b	0	100	h
2008	7	18	2008	9	28	0	0	0	0.1	0.05	0	l4b	0	100	h
2008	7	25	2008	10	5	0	0	0	0.1	0.05	0	l4b	0	100	h
2008	8	1	2008	10	12	0	0	0	0.1	0.05	0	l4b	0	100	h
2008	8	8	2008	10	19	0	0	0	0.1	0.05	0	l4b	0	100	h
2008	8	15	2008	10	26	0	0	0	0.1	0.05	0	l4b	0	100	h
2008	8	22	2008	11	2	0	0	0	0.1	0.05	0	l4b	0	100	h
2008	8	29	2008	11	9	0	0	0	0.1	0.05	0	l4b	0	100	h
2009	7	1	2009	9	11	0	0	0	0.1	0.05	0	l4b	0	100	h
2009	7	8	2009	9	18	0	0	0	0.1	0.05	0	l4b	0	100	h
2009	7	15	2009	9	25	0	0	0	0.1	0.05	0	l4b	0	100	h
2009	7	22	2009	10	2	0	0	0	0.1	0.05	0	l4b	0	100	h
2009	7	29	2009	10	9	0	0	0	0.1	0.05	0	l4b	0	100	h
2009	8	5	2009	10	16	0	0	0	0.1	0.05	0	l4b	0	100	h
2009	8	12	2009	10	23	0	0	0	0.1	0.05	0	l4b	0	100	h
2009	8	19	2009	10	30	0	0	0	0.1	0.05	0	l4b	0	100	h
2009	8	26	2009	11	6	0	0	0	0.1	0.05	0	l4b	0	100	h
2010	7	2	2010	9	12	0	0	0	0.1	0.05	0	l4b	0	100	h
2010	7	9	2010	9	19	0	0	0	0.1	0.05	0	l4b	0	100	h
2010	7	16	2010	9	26	0	0	0	0.1	0.05	0	l4b	0	100	h
2010	7	23	2010	10	3	0	0	0	0.1	0.05	0	l4b	0	100	h
2010	7	30	2010	10	10	0	0	0	0.1	0.05	0	l4b	0	100	h
2010	8	6	2010	10	17	0	0	0	0.1	0.05	0	l4b	0	100	h
2010	8	13	2010	10	24	0	0	0	0.1	0.05	0	l4b	0	100	h
2010	8	20	2010	10	31	0	0	0	0.1	0.05	0	l4b	0	100	h
2010	8	27	2010	11	7	0	0	0	0.1	0.05	0	l4b	0	100	h
2011	7	6	2011	9	16	0	0	0	0.1	0.05	0	l4b	0	100	h
2011	7	13	2011	9	23	0	0	0	0.1	0.05	0	l4b	0	100	h
2011	7	20	2011	9	30	0	0	0	0.1	0.05	0	l4b	0	100	h
2011	7	27	2011	10	7	0	0	0	0.1	0.05	0	l4b	0	100	h
2011	8	3	2011	10	14	0	0	0	0.1	0.05	0	l4b	0	100	h
2011	8	10	2011	10	21	0	0	0	0.1	0.05	0	l4b	0	100	h
2011	8	17	2011	10	28	0	0	0	0.1	0.05	0	l4b	0	100	h
2011	8	24	2011	11	4	0	0	0	0.1	0.05	0	l4b	0	100	h
2011	8	31	2011	11	11	0	0	0	0.1	0.05	0	l4b	0	100	h