  236.5826  244.9695  -61.8455   45.8734
  236.7049  245.0283  -61.8406   45.8749
  236.5803  245.0311  -61.8457   45.8747
  236.6226  244.9392  -61.8438   45.8726
  236.6183  244.7900  -61.8436   45.8685
  236.5943  245.0623  -61.8453   45.8758
  236.7298  244.7941  -61.8390   45.8689
  236.5462  245.0306  -61.8472   45.8746
  236.7536  245.0355  -61.8386   45.8753
  236.7268  245.0637  -61.8398   45.8761
  236.5932  244.8639  -61.8448   45.8705
  236.6901  244.8073  -61.8406   45.8691
  236.5715  244.8118  -61.8456   45.8690
  236.5435  244.9920  -61.8472   45.8739
  236.5601  245.0274  -61.8466   45.8743
  236.7465  244.8707  -61.8385   45.8710
  236.6409  245.0420  -61.8433   45.8753
  236.5537  244.8717  -61.8465   45.8707
  236.7495  244.8514  -61.8383   45.8705
  236.6408  245.1067  -61.8434   45.8772
  236.7070  244.9016  -61.8402   45.8718
  236.6868  244.9466  -61.8411   45.8730
  236.6444  245.0371  -61.8431   45.8751
  236.6478  244.8301  -61.8425   45.8697
  236.6685  244.9429  -61.8419   45.8728
  236.6824  244.9728  -61.8414   45.8737
  236.7041  244.8920  -61.8403   45.8715
  236.6488  245.0406  -61.8429   45.8752
  236.5754  244.9796  -61.8459   45.8737
  236.5448  244.9844  -61.8471   45.8737
  236.5965  244.8133  -61.8446   45.8691
  236.5743  244.9547  -61.8458   45.8730
  236.6664  245.1025  -61.8424   45.8771
  236.6471  245.0289  -61.8430   45.8747
  236.7389  244.9175  -61.8389   45.8723
  236.7001  244.9009  -61.8405   45.8717
  236.6171  245.0399  -61.8443   45.8751
  236.6566  245.0411  -61.8426   45.8753
  236.5737  245.1126  -61.8463   45.8772
  236.6861  244.9509  -61.8412   45.8731
  236.7033  245.0788  -61.8408   45.8765
  236.7499  244.8597  -61.8383   45.8707
  236.7402  244.9958  -61.8390   45.8744
  236.7384  245.0267  -61.8392   45.8749
  236.7425  245.0952  -61.8392   45.8771
  236.6455  244.9461  -61.8428   45.8729
  236.6328  245.0528  -61.8436   45.8756
  236.6780  244.7811  -61.8411   45.8684
  236.6839  244.8217  -61.8409   45.8695
  236.6772  244.8543  -61.8413   45.8704
  237.7777  241.7384  -61.7877   45.7869
  237.7936  241.5538  -61.7865   45.7819
  237.6947  241.6161  -61.7908   45.7834
  237.7031  241.7731  -61.7908   45.7877
  237.8252  241.5557  -61.7852   45.7820
  237.7926  241.5495  -61.7866   45.7818
  237.8105  241.5717  -61.7859   45.7824
  237.6916  241.5965  -61.7909   45.7829
  237.7473  241.5463  -61.7885   45.7816
  237.6814  241.5829  -61.7913   45.7825
  237.7686  241.5260  -61.7875   45.7811
  237.7228  241.5039  -61.7894   45.7804
  237.7439  241.6592  -61.7889   45.7847
  237.6553  241.5181  -61.7922   45.7807
  237.6207  241.6160  -61.7939   45.7833
  237.7900  241.6863  -61.7870   45.7855
  237.6472  241.7652  -61.7932   45.7874
  237.6330  241.4909  -61.7931   45.7799
  237.8226  241.5861  -61.7854   45.7828
  237.6716  241.4701  -61.7914   45.7794
  237.7971  241.4570  -61.7862   45.7792
  237.7932  241.6702  -61.7868   45.7851
  237.7330  241.4606  -61.7888   45.7792
  237.6507  241.6179  -61.7927   45.7834
  237.6633  241.7485  -61.7924   45.7870
  237.6961  241.7199  -61.7910   45.7863
  237.7971  241.4546  -61.7862   45.7792
  237.7675  241.5198  -61.7875   45.7809
  237.6271  241.5119  -61.7934   45.7804
  237.6824  241.5923  -61.7913   45.7827
  237.6459  241.6261  -61.7929   45.7836
  237.7144  241.4599  -61.7896   45.7792
  237.8178  241.6679  -61.7858   45.7851
  237.7043  241.4660  -61.7901   45.7793
  237.7512  241.4848  -61.7881   45.7799
  237.6805  241.7088  -61.7916   45.7859
  237.7865  241.6690  -61.7871   45.7850
  237.6892  241.7641  -61.7914   45.7875
  237.7897  241.7702  -61.7872   45.7878
  237.8061  241.6673  -61.7863   45.7850
  237.6369  241.5061  -61.7930   45.7803
  237.7762  241.5221  -61.7872   45.7810
  237.7453  241.7628  -61.7891   45.7875
  237.7910  241.6288  -61.7868   45.7839
  237.6951  241.7655  -61.7912   45.7875
  237.7451  241.7232  -61.7890   45.7865
  237.6772  241.6638  -61.7917   45.7847
  237.6606  241.7398  -61.7925   45.7868
  237.6905  241.7668  -61.7914   45.7876
  237.6806  241.7436  -61.7917   45.7869
  238.5252  238.0665  -61.7475   45.6872
  238.5951  238.0705  -61.7446   45.6875
  238.4472  238.2153  -61.7511   45.6913
  238.6582  238.1570  -61.7421   45.6900
  238.4532  238.3641  -61.7512   45.6954
  238.4586  238.3156  -61.7508   45.6941
  238.6687  238.3265  -61.7421   45.6947
  238.5172  238.1853  -61.7481   45.6906
  238.6001  238.1898  -61.7446   45.6908
  238.6211  238.0996  -61.7435   45.6884
  238.5784  238.2013  -61.7456   45.6911
  238.5672  238.1711  -61.7460   45.6903
  238.5620  238.1476  -61.7461   45.6896
  238.6561  238.1821  -61.7423   45.6907
  238.4419  238.1455  -61.7511   45.6893
  238.4494  238.0981  -61.7507   45.6880
  238.5152  238.1154  -61.7480   45.6886
  238.4888  238.2618  -61.7495   45.6926
  238.6545  238.3271  -61.7427   45.6947
  238.6360  238.2021  -61.7432   45.6912
  238.6478  238.1596  -61.7426   45.6901
  238.6611  238.3108  -61.7424   45.6943
  238.4886  238.1696  -61.7492   45.6901
  238.4770  238.2709  -61.7500   45.6929
  238.5631  238.0881  -61.7459   45.6879
  238.4530  238.1579  -61.7507   45.6897
  238.4921  238.2551  -61.7493   45.6925
  238.6605  238.3695  -61.7426   45.6959
  238.6071  238.2302  -61.7444   45.6920
  238.5020  238.3885  -61.7492   45.6961
  238.5114  238.2595  -61.7485   45.6926
  238.4735  238.0679  -61.7496   45.6872
  238.4665  238.3492  -61.7506   45.6950
  238.5290  238.3174  -61.7479   45.6942
  238.6399  238.1836  -61.7430   45.6907
  238.6596  238.3349  -61.7425   45.6950
  238.4708  238.3949  -61.7505   45.6963
  238.4813  238.0922  -61.7493   45.6879
  238.4725  238.0709  -61.7497   45.6872
  238.4696  238.1033  -61.7499   45.6882
  238.5108  238.1082  -61.7482   45.6884
  238.4826  238.0988  -61.7493   45.6881
  238.6081  238.2502  -61.7445   45.6925
  238.5734  238.2893  -61.7460   45.6935
  238.4658  238.1142  -61.7500   45.6885
  238.5661  238.1684  -61.7460   45.6902
  238.6428  238.1708  -61.7428   45.6904
  238.5488  238.2967  -61.7470   45.6937
  238.5700  238.0939  -61.7457   45.6881
  238.4607  238.1430  -61.7503   45.6893
  243.8699  239.7801  -61.5284   45.7441
  243.7743  239.7999  -61.5324   45.7445
  243.9127  239.8707  -61.5268   45.7467
  243.8142  239.6363  -61.5303   45.7400
  243.7768  239.9556  -61.5327   45.7488
  243.9139  239.8660  -61.5267   45.7465
  243.8872  239.7686  -61.5276   45.7438
  243.9391  239.8283  -61.5256   45.7455
  243.7980  239.8227  -61.5315   45.7451
  243.7721  239.7023  -61.5323   45.7418
  243.8985  239.7309  -61.5271   45.7428
  243.7855  239.8205  -61.5320   45.7451
  243.9691  239.6188  -61.5238   45.7398
  243.9207  239.8913  -61.5265   45.7472
  243.7882  239.6886  -61.5316   45.7414
  243.9544  239.9035  -61.5251   45.7476
  243.7979  239.6466  -61.5311   45.7403
  243.7870  239.8526  -61.5320   45.7459
  243.7945  239.8927  -61.5318   45.7471
  243.9296  239.7124  -61.5257   45.7423
  243.8699  239.7133  -61.5282   45.7423
  243.8503  239.8474  -61.5294   45.7459
  243.8580  239.8773  -61.5291   45.7467
  243.9623  239.7295  -61.5244   45.7429
  243.8207  239.7260  -61.5303   45.7425
  243.8699  239.8812  -61.5286   45.7469
  243.8691  239.6687  -61.5281   45.7410
  243.9304  239.8276  -61.5260   45.7455
  243.8245  239.8326  -61.5304   45.7455
  243.9567  239.6690  -61.5245   45.7412
  243.8317  239.8213  -61.5301   45.7452
  243.8871  239.6263  -61.5273   45.7399
  243.9465  239.7655  -61.5251   45.7438
  243.8491  239.7370  -61.5291   45.7429
  243.8497  239.8923  -61.5295   45.7471
  243.8117  239.8372  -61.5309   45.7456
  243.8183  239.6801  -61.5303   45.7413
  243.9252  239.6333  -61.5257   45.7402
  243.9215  239.6416  -61.5259   45.7404
  243.9806  239.7426  -61.5237   45.7433
  243.8282  239.6335  -61.5298   45.7400
  243.7797  239.6600  -61.5318   45.7406
  243.7755  239.7850  -61.5323   45.7441
  243.8644  239.8655  -61.5288   45.7464
  243.8464  239.8493  -61.5295   45.7460
  243.9064  239.9429  -61.5272   45.7486
  243.8233  239.6591  -61.5300   45.7407
  243.9047  239.7715  -61.5269   45.7439
  243.9654  239.8228  -61.5245   45.7454
  243.9691  239.9001  -61.5245   45.7476
  242.5540  243.8049  -61.5932   45.8524
  242.3793  243.6835  -61.6002   45.8487
  242.4424  243.9526  -61.5982   45.8562
  242.5529  243.8788  -61.5934   45.8544
  242.5521  243.8439  -61.5934   45.8534
  242.5315  243.6340  -61.5937   45.8476
  242.4721  243.6697  -61.5963   45.8485
  242.4836  243.7632  -61.5960   45.8511
  242.5788  243.7220  -61.5919   45.8501
  242.3991  243.8342  -61.5997   45.8529
  242.4268  243.7896  -61.5985   45.8517
  242.5191  243.9134  -61.5949   45.8553
  242.3820  243.7684  -61.6003   45.8510
  242.5750  243.8055  -61.5923   45.8524
  242.4228  243.8777  -61.5988   45.8541
  242.4235  243.9166  -61.5989   45.8552
  242.4318  243.6991  -61.5980   45.8492
  242.5389  243.6710  -61.5935   45.8487
  242.4886  243.7003  -61.5957   45.8494
  242.5641  243.8030  -61.5928   45.8523
  242.4893  243.9347  -61.5962   45.8558
  242.4427  243.7780  -61.5978   45.8514
  242.5203  243.9004  -61.5948   45.8549
  242.3936  243.7638  -61.5998   45.8509
  242.3904  243.8330  -61.6001   45.8528
  242.5585  243.8842  -61.5932   45.8545
  242.5436  243.6601  -61.5933   45.8484
  242.5359  243.6404  -61.5935   45.8478
  242.4459  243.7565  -61.5976   45.8508
  242.4535  243.7679  -61.5973   45.8512
  242.3770  243.6711  -61.6002   45.8484
  242.3902  243.8657  -61.6002   45.8537
  242.5688  243.7186  -61.5924   45.8500
  242.4693  243.8147  -61.5967   45.8525
  242.3934  243.6477  -61.5995   45.8477
  242.3951  243.6488  -61.5994   45.8478
  242.5570  243.9651  -61.5935   45.8568
  242.4578  243.7992  -61.5972   45.8520
  242.4832  243.8562  -61.5963   45.8536
  242.5069  243.7019  -61.5949   45.8494
  242.5621  243.9659  -61.5932   45.8568
  242.4376  243.8452  -61.5981   45.8532
  242.4570  243.8108  -61.5972   45.8523
  242.5313  243.9368  -61.5945   45.8559
  242.5073  243.8578  -61.5953   45.8537
  242.4228  243.9464  -61.5990   45.8560
  242.4635  243.6510  -61.5966   45.8480
  242.3843  243.8751  -61.6004   45.8540
  242.3824  243.9439  -61.6007   45.8559
  242.4745  243.6907  -61.5962   45.8491
  241.6736  246.7775  -61.6374   45.9323
  241.6838  246.8597  -61.6371   45.9346
  241.6555  246.7119  -61.6380   45.9305
  241.5836  246.9330  -61.6415   45.9364
  241.6935  246.8798  -61.6368   45.9351
  241.6982  246.7152  -61.6362   45.9306
  241.7190  246.9658  -61.6359   45.9375
  241.5568  246.7710  -61.6422   45.9319
  241.6308  246.8684  -61.6394   45.9347
  241.6213  246.9537  -61.6400   45.9370
  241.6812  246.9576  -61.6375   45.9372
  241.6041  246.8400  -61.6404   45.9339
  241.7648  246.8224  -61.6337   45.9337
  241.5827  246.7380  -61.6411   45.9310
  241.6079  246.6964  -61.6399   45.9299
  241.6918  246.9075  -61.6369   45.9359
  241.5523  246.9174  -61.6428   45.9359
  241.7355  246.8707  -61.6350   45.9350
  241.6152  246.7060  -61.6396   45.9302
  241.6126  246.9668  -61.6404   45.9374
  241.7610  246.7382  -61.6336   45.9314
  241.6986  246.7710  -61.6363   45.9322
  241.6007  246.8568  -61.6406   45.9343
  241.6386  246.9404  -61.6392   45.9367
  241.6764  246.7974  -61.6373   45.9328
  241.6363  246.7934  -61.6390   45.9327
  241.6075  246.8673  -61.6403   45.9346
  241.7291  246.9735  -61.6355   45.9378
  241.5992  246.8993  -61.6408   45.9355
  241.7307  246.7745  -61.6350   45.9323
  241.6836  246.8809  -61.6372   45.9351
  241.6989  246.8864  -61.6366   45.9353
  241.6838  246.7823  -61.6369   45.9324
  241.5690  246.9018  -61.6420   45.9355
  241.5913  246.8404  -61.6409   45.9339
  241.6864  246.8130  -61.6369   45.9333
  241.6356  246.8184  -61.6390   45.9333
  241.5724  246.8282  -61.6417   45.9335
  241.6372  246.9948  -61.6394   45.9382
  241.5973  246.9816  -61.6410   45.9377
  241.7438  246.8089  -61.6345   45.9333
  241.7179  246.9578  -61.6360   45.9373
  241.5983  246.8494  -61.6407   45.9341
  241.6679  246.9946  -61.6381   45.9382
  241.7339  246.9182  -61.6352   45.9363
  241.5579  246.9510  -61.6426   45.9368
  241.6351  246.8600  -61.6392   45.9345
  241.6006  246.7060  -61.6402   45.9302
  241.7188  246.9933  -61.6360   45.9383
  241.6003  246.8438  -61.6406   45.9340
