           0           0          10          24           8        2011   236.58260       244.96950       0.0000000       1.0000000         6048000
           0           0          10          24           8        2011   236.70490       245.02831       0.0000000       1.0000000         6048000
           0           0          10          24           8        2011   236.58031       245.03110       0.0000000       1.0000000         6048000
           0           0          10          24           8        2011   236.62260       244.93919       0.0000000       1.0000000         6048000
           0           0          10          24           8        2011   236.61830       244.78999       0.0000000       1.0000000         6048000
           0           0          10          24           8        2011   236.59430       245.06230       0.0000000       1.0000000         6048000
           0           0          10          24           8        2011   236.72980       244.79410       0.0000000       1.0000000         6048000
           0           0          10          24           8        2011   236.54620       245.03059       0.0000000       1.0000000         6048000
           0           0          10          24           8        2011   236.75360       245.03551       0.0000000       1.0000000         6048000
           0           0          10          24           8        2011   236.72681       245.06371       0.0000000       1.0000000         6048000
           0           0          10          24           8        2011   236.59320       244.86391       0.0000000       1.0000000         6048000
           0           0          10          24           8        2011   236.69009       244.80730       0.0000000       1.0000000         6048000
           0           0          10          24           8        2011   236.57150       244.81180       0.0000000       1.0000000         6048000
           0           0          10          24           8        2011   236.54350       244.99200       0.0000000       1.0000000         6048000
           0           0          10          24           8        2011   236.56010       245.02740       0.0000000       1.0000000         6048000
           0           0          10          24           8        2011   236.74651       244.87070       0.0000000       1.0000000         6048000
           0           0          10          24           8        2011   236.64090       245.04201       0.0000000       1.0000000         6048000
           0           0          10          24           8        2011   236.55370       244.87170       0.0000000       1.0000000         6048000
           0           0          10          24           8        2011   236.74950       244.85139       0.0000000       1.0000000         6048000
           0           0          10          24           8        2011   236.64079       245.10670       0.0000000       1.0000000         6048000
           0           0          10          24           8        2011   236.70700       244.90160       0.0000000       1.0000000         6048000
           0           0          10          24           8        2011   236.68680       244.94659       0.0000000       1.0000000         6048000
           0           0          10          24           8        2011   236.64439       245.03709       0.0000000       1.0000000         6048000
           0           0          10          24           8        2011   236.64780       244.83009       0.0000000       1.0000000         6048000
           0           0          10          24           8        2011   236.66850       244.94290       0.0000000       1.0000000         6048000
           0           0          10          24           8        2011   236.68240       244.97279       0.0000000       1.0000000         6048000
           0           0          10          24           8        2011   236.70410       244.89200       0.0000000       1.0000000         6048000
           0           0          10          24           8        2011   236.64880       245.04060       0.0000000       1.0000000         6048000
           0           0          10          24           8        2011   236.57539       244.97960       0.0000000       1.0000000         6048000
           0           0          10          24           8        2011   236.54480       244.98441       0.0000000       1.0000000         6048000
           0           0          10          24           8        2011   236.59650       244.81329       0.0000000       1.0000000         6048000
           0           0          10          24           8        2011   236.57430       244.95470       0.0000000       1.0000000         6048000
           0           0          10          24           8        2011   236.66640       245.10249       0.0000000       1.0000000         6048000
           0           0          10          24           8        2011   236.64709       245.02890       0.0000000       1.0000000         6048000
           0           0          10          24           8        2011   236.73891       244.91750       0.0000000       1.0000000         6048000
           0           0          10          24           8        2011   236.70010       244.90089       0.0000000       1.0000000         6048000
           0           0          10          24           8        2011   236.61710       245.03990       0.0000000       1.0000000         6048000
           0           0          10          24           8        2011   236.65660       245.04111       0.0000000       1.0000000         6048000
           0           0          10          24           8        2011   236.57370       245.11259       0.0000000       1.0000000         6048000
           0           0          10          24           8        2011   236.68610       244.95090       0.0000000       1.0000000         6048000
           0           0          10          24           8        2011   236.70329       245.07880       0.0000000       1.0000000         6048000
           0           0          10          24           8        2011   236.74989       244.85970       0.0000000       1.0000000         6048000
           0           0          10          24           8        2011   236.74020       244.99580       0.0000000       1.0000000         6048000
           0           0          10          24           8        2011   236.73840       245.02670       0.0000000       1.0000000         6048000
           0           0          10          24           8        2011   236.74249       245.09520       0.0000000       1.0000000         6048000
           0           0          10          24           8        2011   236.64549       244.94611       0.0000000       1.0000000         6048000
           0           0          10          24           8        2011   236.63280       245.05280       0.0000000       1.0000000         6048000
           0           0          10          24           8        2011   236.67799       244.78110       0.0000000       1.0000000         6048000
           0           0          10          24           8        2011   236.68390       244.82170       0.0000000       1.0000000         6048000
           0           0          10          24           8        2011   236.67720       244.85429       0.0000000       1.0000000         6048000
           0           0          10          24           8        2011   237.77769       241.73840       0.0000000       1.0000000         6048000
           0           0          10          24           8        2011   237.79359       241.55380       0.0000000       1.0000000         6048000
           0           0          10          24           8        2011   237.69470       241.61610       0.0000000       1.0000000         6048000
           0           0          10          24           8        2011   237.70309       241.77310       0.0000000       1.0000000         6048000
           0           0          10          24           8        2011   237.82520       241.55569       0.0000000       1.0000000         6048000
           0           0          10          24           8        2011   237.79260       241.54950       0.0000000       1.0000000         6048000
           0           0          10          24           8        2011   237.81050       241.57170       0.0000000       1.0000000         6048000
           0           0          10          24           8        2011   237.69160       241.59650       0.0000000       1.0000000         6048000
           0           0          10          24           8        2011   237.74730       241.54630       0.0000000       1.0000000         6048000
           0           0          10          24           8        2011   237.68140       241.58290       0.0000000       1.0000000         6048000
           0           0          10          24           8        2011   237.76860       241.52600       0.0000000       1.0000000         6048000
           0           0          10          24           8        2011   237.72279       241.50391       0.0000000       1.0000000         6048000
           0           0          10          24           8        2011   237.74390       241.65919       0.0000000       1.0000000         6048000
           0           0          10          24           8        2011   237.65530       241.51810       0.0000000       1.0000000         6048000
           0           0          10          24           8        2011   237.62070       241.61600       0.0000000       1.0000000         6048000
           0           0          10          24           8        2011   237.78999       241.68629       0.0000000       1.0000000         6048000
           0           0          10          24           8        2011   237.64720       241.76520       0.0000000       1.0000000         6048000
           0           0          10          24           8        2011   237.63300       241.49091       0.0000000       1.0000000         6048000
           0           0          10          24           8        2011   237.82260       241.58611       0.0000000       1.0000000         6048000
           0           0          10          24           8        2011   237.67160       241.47009       0.0000000       1.0000000         6048000
           0           0          10          24           8        2011   237.79710       241.45700       0.0000000       1.0000000         6048000
           0           0          10          24           8        2011   237.79320       241.67020       0.0000000       1.0000000         6048000
           0           0          10          24           8        2011   237.73300       241.46060       0.0000000       1.0000000         6048000
           0           0          10          24           8        2011   237.65070       241.61790       0.0000000       1.0000000         6048000
           0           0          10          24           8        2011   237.66330       241.74850       0.0000000       1.0000000         6048000
           0           0          10          24           8        2011   237.69611       241.71989       0.0000000       1.0000000         6048000
           0           0          10          24           8        2011   237.79710       241.45461       0.0000000       1.0000000         6048000
           0           0          10          24           8        2011   237.76750       241.51981       0.0000000       1.0000000         6048000
           0           0          10          24           8        2011   237.62711       241.51190       0.0000000       1.0000000         6048000
           0           0          10          24           8        2011   237.68240       241.59230       0.0000000       1.0000000         6048000
           0           0          10          24           8        2011   237.64590       241.62610       0.0000000       1.0000000         6048000
           0           0          10          24           8        2011   237.71440       241.45990       0.0000000       1.0000000         6048000
           0           0          10          24           8        2011   237.81779       241.66789       0.0000000       1.0000000         6048000
           0           0          10          24           8        2011   237.70430       241.46600       0.0000000       1.0000000         6048000
           0           0          10          24           8        2011   237.75121       241.48480       0.0000000       1.0000000         6048000
           0           0          10          24           8        2011   237.68050       241.70880       0.0000000       1.0000000         6048000
           0           0          10          24           8        2011   237.78650       241.66901       0.0000000       1.0000000         6048000
           0           0          10          24           8        2011   237.68919       241.76410       0.0000000       1.0000000         6048000
           0           0          10          24           8        2011   237.78970       241.77020       0.0000000       1.0000000         6048000
           0           0          10          24           8        2011   237.80611       241.66730       0.0000000       1.0000000         6048000
           0           0          10          24           8        2011   237.63690       241.50610       0.0000000       1.0000000         6048000
           0           0          10          24           8        2011   237.77620       241.52209       0.0000000       1.0000000         6048000
           0           0          10          24           8        2011   237.74530       241.76280       0.0000000       1.0000000         6048000
           0           0          10          24           8        2011   237.79100       241.62880       0.0000000       1.0000000         6048000
           0           0          10          24           8        2011   237.69510       241.76550       0.0000000       1.0000000         6048000
           0           0          10          24           8        2011   237.74510       241.72321       0.0000000       1.0000000         6048000
           0           0          10          24           8        2011   237.67720       241.66380       0.0000000       1.0000000         6048000
           0           0          10          24           8        2011   237.66060       241.73981       0.0000000       1.0000000         6048000
           0           0          10          24           8        2011   237.69051       241.76680       0.0000000       1.0000000         6048000
           0           0          10          24           8        2011   237.68060       241.74361       0.0000000       1.0000000         6048000
           0           0          10          24           8        2011   238.52521       238.06650       0.0000000       1.0000000         6048000
           0           0          10          24           8        2011   238.59509       238.07050       0.0000000       1.0000000         6048000
           0           0          10          24           8        2011   238.44720       238.21530       0.0000000       1.0000000         6048000
           0           0          10          24           8        2011   238.65820       238.15700       0.0000000       1.0000000         6048000
           0           0          10          24           8        2011   238.45320       238.36411       0.0000000       1.0000000         6048000
           0           0          10          24           8        2011   238.45860       238.31560       0.0000000       1.0000000         6048000
           0           0          10          24           8        2011   238.66870       238.32651       0.0000000       1.0000000         6048000
           0           0          10          24           8        2011   238.51720       238.18530       0.0000000       1.0000000         6048000
           0           0          10          24           8        2011   238.60010       238.18980       0.0000000       1.0000000         6048000
           0           0          10          24           8        2011   238.62109       238.09959       0.0000000       1.0000000         6048000
           0           0          10          24           8        2011   238.57840       238.20129       0.0000000       1.0000000         6048000
           0           0          10          24           8        2011   238.56720       238.17110       0.0000000       1.0000000         6048000
           0           0          10          24           8        2011   238.56200       238.14760       0.0000000       1.0000000         6048000
           0           0          10          24           8        2011   238.65610       238.18210       0.0000000       1.0000000         6048000
           0           0          10          24           8        2011   238.44189       238.14549       0.0000000       1.0000000         6048000
           0           0          10          24           8        2011   238.44940       238.09810       0.0000000       1.0000000         6048000
           0           0          10          24           8        2011   238.51520       238.11540       0.0000000       1.0000000         6048000
           0           0          10          24           8        2011   238.48880       238.26180       0.0000000       1.0000000         6048000
           0           0          10          24           8        2011   238.65450       238.32710       0.0000000       1.0000000         6048000
           0           0          10          24           8        2011   238.63600       238.20210       0.0000000       1.0000000         6048000
           0           0          10          24           8        2011   238.64780       238.15961       0.0000000       1.0000000         6048000
           0           0          10          24           8        2011   238.66110       238.31081       0.0000000       1.0000000         6048000
           0           0          10          24           8        2011   238.48860       238.16960       0.0000000       1.0000000         6048000
           0           0          10          24           8        2011   238.47701       238.27090       0.0000000       1.0000000         6048000
           0           0          10          24           8        2011   238.56310       238.08810       0.0000000       1.0000000         6048000
           0           0          10          24           8        2011   238.45300       238.15790       0.0000000       1.0000000         6048000
           0           0          10          24           8        2011   238.49210       238.25510       0.0000000       1.0000000         6048000
           0           0          10          24           8        2011   238.66051       238.36951       0.0000000       1.0000000         6048000
           0           0          10          24           8        2011   238.60710       238.23019       0.0000000       1.0000000         6048000
           0           0          10          24           8        2011   238.50200       238.38850       0.0000000       1.0000000         6048000
           0           0          10          24           8        2011   238.51140       238.25951       0.0000000       1.0000000         6048000
           0           0          10          24           8        2011   238.47350       238.06790       0.0000000       1.0000000         6048000
           0           0          10          24           8        2011   238.46651       238.34920       0.0000000       1.0000000         6048000
           0           0          10          24           8        2011   238.52901       238.31740       0.0000000       1.0000000         6048000
           0           0          10          24           8        2011   238.63989       238.18359       0.0000000       1.0000000         6048000
           0           0          10          24           8        2011   238.65961       238.33490       0.0000000       1.0000000         6048000
           0           0          10          24           8        2011   238.47079       238.39490       0.0000000       1.0000000         6048000
           0           0          10          24           8        2011   238.48129       238.09219       0.0000000       1.0000000         6048000
           0           0          10          24           8        2011   238.47250       238.07091       0.0000000       1.0000000         6048000
           0           0          10          24           8        2011   238.46960       238.10330       0.0000000       1.0000000         6048000
           0           0          10          24           8        2011   238.51080       238.10820       0.0000000       1.0000000         6048000
           0           0          10          24           8        2011   238.48260       238.09880       0.0000000       1.0000000         6048000
           0           0          10          24           8        2011   238.60809       238.25020       0.0000000       1.0000000         6048000
           0           0          10          24           8        2011   238.57339       238.28931       0.0000000       1.0000000         6048000
           0           0          10          24           8        2011   238.46581       238.11420       0.0000000       1.0000000         6048000
           0           0          10          24           8        2011   238.56610       238.16840       0.0000000       1.0000000         6048000
           0           0          10          24           8        2011   238.64281       238.17081       0.0000000       1.0000000         6048000
           0           0          10          24           8        2011   238.54880       238.29671       0.0000000       1.0000000         6048000
           0           0          10          24           8        2011   238.57001       238.09390       0.0000000       1.0000000         6048000
           0           0          10          24           8        2011   238.46069       238.14301       0.0000000       1.0000000         6048000
           0           0          10          24           8        2011   243.86990       239.78011       0.0000000       1.0000000         6048000
           0           0          10          24           8        2011   243.77431       239.79990       0.0000000       1.0000000         6048000
           0           0          10          24           8        2011   243.91270       239.87070       0.0000000       1.0000000         6048000
           0           0          10          24           8        2011   243.81419       239.63631       0.0000000       1.0000000         6048000
           0           0          10          24           8        2011   243.77679       239.95560       0.0000000       1.0000000         6048000
           0           0          10          24           8        2011   243.91389       239.86600       0.0000000       1.0000000         6048000
           0           0          10          24           8        2011   243.88721       239.76860       0.0000000       1.0000000         6048000
           0           0          10          24           8        2011   243.93910       239.82829       0.0000000       1.0000000         6048000
           0           0          10          24           8        2011   243.79800       239.82269       0.0000000       1.0000000         6048000
           0           0          10          24           8        2011   243.77209       239.70230       0.0000000       1.0000000         6048000
           0           0          10          24           8        2011   243.89850       239.73090       0.0000000       1.0000000         6048000
           0           0          10          24           8        2011   243.78551       239.82050       0.0000000       1.0000000         6048000
           0           0          10          24           8        2011   243.96910       239.61880       0.0000000       1.0000000         6048000
           0           0          10          24           8        2011   243.92070       239.89130       0.0000000       1.0000000         6048000
           0           0          10          24           8        2011   243.78819       239.68860       0.0000000       1.0000000         6048000
           0           0          10          24           8        2011   243.95441       239.90350       0.0000000       1.0000000         6048000
           0           0          10          24           8        2011   243.79790       239.64661       0.0000000       1.0000000         6048000
           0           0          10          24           8        2011   243.78700       239.85260       0.0000000       1.0000000         6048000
           0           0          10          24           8        2011   243.79449       239.89270       0.0000000       1.0000000         6048000
           0           0          10          24           8        2011   243.92960       239.71240       0.0000000       1.0000000         6048000
           0           0          10          24           8        2011   243.86990       239.71330       0.0000000       1.0000000         6048000
           0           0          10          24           8        2011   243.85030       239.84740       0.0000000       1.0000000         6048000
           0           0          10          24           8        2011   243.85800       239.87730       0.0000000       1.0000000         6048000
           0           0          10          24           8        2011   243.96230       239.72951       0.0000000       1.0000000         6048000
           0           0          10          24           8        2011   243.82069       239.72600       0.0000000       1.0000000         6048000
           0           0          10          24           8        2011   243.86990       239.88120       0.0000000       1.0000000         6048000
           0           0          10          24           8        2011   243.86909       239.66870       0.0000000       1.0000000         6048000
           0           0          10          24           8        2011   243.93040       239.82761       0.0000000       1.0000000         6048000
           0           0          10          24           8        2011   243.82449       239.83260       0.0000000       1.0000000         6048000
           0           0          10          24           8        2011   243.95670       239.66901       0.0000000       1.0000000         6048000
           0           0          10          24           8        2011   243.83170       239.82130       0.0000000       1.0000000         6048000
           0           0          10          24           8        2011   243.88710       239.62630       0.0000000       1.0000000         6048000
           0           0          10          24           8        2011   243.94650       239.76550       0.0000000       1.0000000         6048000
           0           0          10          24           8        2011   243.84911       239.73700       0.0000000       1.0000000         6048000
           0           0          10          24           8        2011   243.84970       239.89230       0.0000000       1.0000000         6048000
           0           0          10          24           8        2011   243.81171       239.83720       0.0000000       1.0000000         6048000
           0           0          10          24           8        2011   243.81830       239.68010       0.0000000       1.0000000         6048000
           0           0          10          24           8        2011   243.92520       239.63330       0.0000000       1.0000000         6048000
           0           0          10          24           8        2011   243.92149       239.64160       0.0000000       1.0000000         6048000
           0           0          10          24           8        2011   243.98061       239.74260       0.0000000       1.0000000         6048000
           0           0          10          24           8        2011   243.82820       239.63350       0.0000000       1.0000000         6048000
           0           0          10          24           8        2011   243.77969       239.66000       0.0000000       1.0000000         6048000
           0           0          10          24           8        2011   243.77550       239.78500       0.0000000       1.0000000         6048000
           0           0          10          24           8        2011   243.86440       239.86549       0.0000000       1.0000000         6048000
           0           0          10          24           8        2011   243.84641       239.84930       0.0000000       1.0000000         6048000
           0           0          10          24           8        2011   243.90640       239.94290       0.0000000       1.0000000         6048000
           0           0          10          24           8        2011   243.82330       239.65910       0.0000000       1.0000000         6048000
           0           0          10          24           8        2011   243.90469       239.77150       0.0000000       1.0000000         6048000
           0           0          10          24           8        2011   243.96539       239.82280       0.0000000       1.0000000         6048000
           0           0          10          24           8        2011   243.96910       239.90010       0.0000000       1.0000000         6048000
           0           0          10          24           8        2011   242.55400       243.80490       0.0000000       1.0000000         6048000
           0           0          10          24           8        2011   242.37930       243.68350       0.0000000       1.0000000         6048000
           0           0          10          24           8        2011   242.44240       243.95261       0.0000000       1.0000000         6048000
           0           0          10          24           8        2011   242.55290       243.87880       0.0000000       1.0000000         6048000
           0           0          10          24           8        2011   242.55209       243.84390       0.0000000       1.0000000         6048000
           0           0          10          24           8        2011   242.53149       243.63400       0.0000000       1.0000000         6048000
           0           0          10          24           8        2011   242.47211       243.66969       0.0000000       1.0000000         6048000
           0           0          10          24           8        2011   242.48360       243.76320       0.0000000       1.0000000         6048000
           0           0          10          24           8        2011   242.57880       243.72200       0.0000000       1.0000000         6048000
           0           0          10          24           8        2011   242.39909       243.83420       0.0000000       1.0000000         6048000
           0           0          10          24           8        2011   242.42680       243.78960       0.0000000       1.0000000         6048000
           0           0          10          24           8        2011   242.51910       243.91341       0.0000000       1.0000000         6048000
           0           0          10          24           8        2011   242.38200       243.76840       0.0000000       1.0000000         6048000
           0           0          10          24           8        2011   242.57500       243.80550       0.0000000       1.0000000         6048000
           0           0          10          24           8        2011   242.42281       243.87770       0.0000000       1.0000000         6048000
           0           0          10          24           8        2011   242.42349       243.91660       0.0000000       1.0000000         6048000
           0           0          10          24           8        2011   242.43179       243.69910       0.0000000       1.0000000         6048000
           0           0          10          24           8        2011   242.53889       243.67101       0.0000000       1.0000000         6048000
           0           0          10          24           8        2011   242.48860       243.70030       0.0000000       1.0000000         6048000
           0           0          10          24           8        2011   242.56410       243.80299       0.0000000       1.0000000         6048000
           0           0          10          24           8        2011   242.48930       243.93469       0.0000000       1.0000000         6048000
           0           0          10          24           8        2011   242.44270       243.77800       0.0000000       1.0000000         6048000
           0           0          10          24           8        2011   242.52029       243.90041       0.0000000       1.0000000         6048000
           0           0          10          24           8        2011   242.39360       243.76379       0.0000000       1.0000000         6048000
           0           0          10          24           8        2011   242.39040       243.83299       0.0000000       1.0000000         6048000
           0           0          10          24           8        2011   242.55850       243.88420       0.0000000       1.0000000         6048000
           0           0          10          24           8        2011   242.54359       243.66010       0.0000000       1.0000000         6048000
           0           0          10          24           8        2011   242.53590       243.64040       0.0000000       1.0000000         6048000
           0           0          10          24           8        2011   242.44591       243.75650       0.0000000       1.0000000         6048000
           0           0          10          24           8        2011   242.45351       243.76790       0.0000000       1.0000000         6048000
           0           0          10          24           8        2011   242.37700       243.67110       0.0000000       1.0000000         6048000
           0           0          10          24           8        2011   242.39020       243.86571       0.0000000       1.0000000         6048000
           0           0          10          24           8        2011   242.56880       243.71860       0.0000000       1.0000000         6048000
           0           0          10          24           8        2011   242.46930       243.81470       0.0000000       1.0000000         6048000
           0           0          10          24           8        2011   242.39340       243.64771       0.0000000       1.0000000         6048000
           0           0          10          24           8        2011   242.39510       243.64880       0.0000000       1.0000000         6048000
           0           0          10          24           8        2011   242.55701       243.96510       0.0000000       1.0000000         6048000
           0           0          10          24           8        2011   242.45779       243.79919       0.0000000       1.0000000         6048000
           0           0          10          24           8        2011   242.48320       243.85620       0.0000000       1.0000000         6048000
           0           0          10          24           8        2011   242.50690       243.70190       0.0000000       1.0000000         6048000
           0           0          10          24           8        2011   242.56210       243.96590       0.0000000       1.0000000         6048000
           0           0          10          24           8        2011   242.43761       243.84520       0.0000000       1.0000000         6048000
           0           0          10          24           8        2011   242.45700       243.81081       0.0000000       1.0000000         6048000
           0           0          10          24           8        2011   242.53130       243.93680       0.0000000       1.0000000         6048000
           0           0          10          24           8        2011   242.50729       243.85780       0.0000000       1.0000000         6048000
           0           0          10          24           8        2011   242.42281       243.94640       0.0000000       1.0000000         6048000
           0           0          10          24           8        2011   242.46350       243.65100       0.0000000       1.0000000         6048000
           0           0          10          24           8        2011   242.38429       243.87511       0.0000000       1.0000000         6048000
           0           0          10          24           8        2011   242.38240       243.94389       0.0000000       1.0000000         6048000
           0           0          10          24           8        2011   242.47450       243.69070       0.0000000       1.0000000         6048000
           0           0          10          24           8        2011   241.67360       246.77750       0.0000000       1.0000000         6048000
           0           0          10          24           8        2011   241.68381       246.85970       0.0000000       1.0000000         6048000
           0           0          10          24           8        2011   241.65550       246.71190       0.0000000       1.0000000         6048000
           0           0          10          24           8        2011   241.58360       246.93300       0.0000000       1.0000000         6048000
           0           0          10          24           8        2011   241.69350       246.87981       0.0000000       1.0000000         6048000
           0           0          10          24           8        2011   241.69820       246.71519       0.0000000       1.0000000         6048000
           0           0          10          24           8        2011   241.71899       246.96581       0.0000000       1.0000000         6048000
           0           0          10          24           8        2011   241.55679       246.77100       0.0000000       1.0000000         6048000
           0           0          10          24           8        2011   241.63080       246.86839       0.0000000       1.0000000         6048000
           0           0          10          24           8        2011   241.62131       246.95370       0.0000000       1.0000000         6048000
           0           0          10          24           8        2011   241.68120       246.95760       0.0000000       1.0000000         6048000
           0           0          10          24           8        2011   241.60410       246.84000       0.0000000       1.0000000         6048000
           0           0          10          24           8        2011   241.76480       246.82240       0.0000000       1.0000000         6048000
           0           0          10          24           8        2011   241.58270       246.73801       0.0000000       1.0000000         6048000
           0           0          10          24           8        2011   241.60789       246.69640       0.0000000       1.0000000         6048000
           0           0          10          24           8        2011   241.69180       246.90750       0.0000000       1.0000000         6048000
           0           0          10          24           8        2011   241.55231       246.91740       0.0000000       1.0000000         6048000
           0           0          10          24           8        2011   241.73550       246.87070       0.0000000       1.0000000         6048000
           0           0          10          24           8        2011   241.61520       246.70599       0.0000000       1.0000000         6048000
           0           0          10          24           8        2011   241.61259       246.96680       0.0000000       1.0000000         6048000
           0           0          10          24           8        2011   241.76100       246.73820       0.0000000       1.0000000         6048000
           0           0          10          24           8        2011   241.69859       246.77100       0.0000000       1.0000000         6048000
           0           0          10          24           8        2011   241.60069       246.85680       0.0000000       1.0000000         6048000
           0           0          10          24           8        2011   241.63860       246.94040       0.0000000       1.0000000         6048000
           0           0          10          24           8        2011   241.67641       246.79739       0.0000000       1.0000000         6048000
           0           0          10          24           8        2011   241.63631       246.79340       0.0000000       1.0000000         6048000
           0           0          10          24           8        2011   241.60750       246.86729       0.0000000       1.0000000         6048000
           0           0          10          24           8        2011   241.72910       246.97350       0.0000000       1.0000000         6048000
           0           0          10          24           8        2011   241.59920       246.89931       0.0000000       1.0000000         6048000
           0           0          10          24           8        2011   241.73070       246.77451       0.0000000       1.0000000         6048000
           0           0          10          24           8        2011   241.68359       246.88091       0.0000000       1.0000000         6048000
           0           0          10          24           8        2011   241.69890       246.88640       0.0000000       1.0000000         6048000
           0           0          10          24           8        2011   241.68381       246.78230       0.0000000       1.0000000         6048000
           0           0          10          24           8        2011   241.56900       246.90179       0.0000000       1.0000000         6048000
           0           0          10          24           8        2011   241.59129       246.84039       0.0000000       1.0000000         6048000
           0           0          10          24           8        2011   241.68640       246.81300       0.0000000       1.0000000         6048000
           0           0          10          24           8        2011   241.63560       246.81841       0.0000000       1.0000000         6048000
           0           0          10          24           8        2011   241.57240       246.82820       0.0000000       1.0000000         6048000
           0           0          10          24           8        2011   241.63721       246.99480       0.0000000       1.0000000         6048000
           0           0          10          24           8        2011   241.59731       246.98160       0.0000000       1.0000000         6048000
           0           0          10          24           8        2011   241.74380       246.80890       0.0000000       1.0000000         6048000
           0           0          10          24           8        2011   241.71790       246.95779       0.0000000       1.0000000         6048000
           0           0          10          24           8        2011   241.59830       246.84940       0.0000000       1.0000000         6048000
           0           0          10          24           8        2011   241.66789       246.99460       0.0000000       1.0000000         6048000
           0           0          10          24           8        2011   241.73390       246.91820       0.0000000       1.0000000         6048000
           0           0          10          24           8        2011   241.55791       246.95100       0.0000000       1.0000000         6048000
           0           0          10          24           8        2011   241.63510       246.86000       0.0000000       1.0000000         6048000
           0           0          10          24           8        2011   241.60060       246.70599       0.0000000       1.0000000         6048000
           0           0          10          24           8        2011   241.71880       246.99330       0.0000000       1.0000000         6048000
           0           0          10          24           8        2011   241.60030       246.84380       0.0000000       1.0000000         6048000
